Max: 0.09644865989685059
Min: 0.0038313865661621094
Average: 0.022934419631958008
Total: 5.733604907989502
