Max: 33.26333451271057
Min: 1.2610960006713867
Average: 2.702563931465149
Total: 675.6409828662872

