Max: 42.70203185081482
Min: 1.283712387084961
Average: 2.6547322092056276
Total: 663.6830523014069
