Max: 0.10013651847839355
Min: 0.00379180908203125
Average: 0.022886475563049315
Total: 5.721618890762329
