Max: 3.4038596153259277
Min: 1.2793490886688232
Average: 2.4963807458877563
Total: 624.0951864719391
